4150.25878947
4124.98886455
4526.44981936
4474.37463427
4449.59524615
4167.75511085
4486.03472652
4378.62795479
4471.52565986
4445.4633638
4500.41459011
4381.1636563
4363.68452401
4499.09188059
4523.5482793
4391.67124959
4500.97999693
4480.53400068
4480.65080177
3847.9131985
3666.88290057
3974.92191132
4387.90993621
4095.43563405
4318.92956912
4318.66072849
4447.36783753
4494.75881191
4330.96798323
4295.80611187
4444.81185838
4503.87254531
4195.87871489
4079.29783363
4151.22647006
3673.73842973
3630.29936366
3307.81185822
2664.42535155
2753.03829377
2233.19128475
3680.91193379
2925.89990862
4326.43601652
3850.55288065
4017.47359634
3457.79405321
4506.41769775
4390.64996817
4396.91392064
